image300.jpg -3.963 -3.085 1.532
image301.jpg -3.978 -2.71 1.514
image302.jpg -4.032 -2.412 1.565
image303.jpg -4.035 -2.114 1.599
image304.jpg -4.028 -1.822 1.594
image305.jpg -3.999 -1.576 1.666
image306.jpg -4.022 -1.141 1.573
image307.jpg -4.022 -0.878 1.562
image308.jpg -4.064 -0.543 1.575
image309.jpg -4.019 -0.329 1.549
image310.jpg -3.949 -0.036 1.601
image311.jpg -3.935 0.275 1.608
image312.jpg -4.241 0.572 1.832
image313.jpg -0.736 0.882 0.414
image314.jpg -3.196 1.652 1.022
image315.jpg -3.99 1.45 1.759
image316.jpg -3.962 1.844 1.761
image317.jpg -4.035 2.047 1.808
image318.jpg -3.741 2.676 1.546
image319.jpg -2.981 2.424 0.895
image320.jpg -3.721 3.238 1.547
image321.jpg -2.784 3.104 1.345
image322.jpg -2.977 3.095 1.567
image323.jpg -0.499 0.482 0.025
image324.jpg -3.03 2.322 1.533
image325.jpg -2.839 2.315 1.457
image326.jpg -2.969 1.771 1.557
image327.jpg -3.064 1.425 1.667
image328.jpg -3.043 1.213 1.668
image329.jpg -3.09 0.852 1.653
image330.jpg -3.081 0.588 1.63
image331.jpg -3.037 0.27 1.553
image332.jpg -3.087 -0.022 1.643
image333.jpg -3.038 -0.292 1.675
image334.jpg -3.048 -0.591 1.642
image335.jpg -3.074 -0.89 1.704
image336.jpg -3.026 -1.251 1.609
image337.jpg -3.006 -1.48 1.641
image338.jpg -3.008 -1.791 1.785
image339.jpg -3.083 -2.135 1.65
image340.jpg -3.033 -2.436 1.612
image341.jpg -3.0 -3.027 1.642
image342.jpg -3.022 -3.102 1.674
image343.jpg -2.107 -2.032 1.67
image344.jpg -2.019 -2.444 1.662
image345.jpg -2.152 -2.128 1.668
image346.jpg -2.141 -1.908 1.688
image347.jpg -2.044 -1.71 1.697
image348.jpg -2.025 -1.274 1.618
image349.jpg -2.045 -1.069 1.648
image350.jpg -2.133 -0.608 1.659
image351.jpg -2.026 -0.425 1.637
image352.jpg -2.036 0.007 1.663
image353.jpg -1.977 0.326 1.674
image354.jpg -2.043 0.606 1.704
image355.jpg -2.034 0.905 1.708
image356.jpg -2.087 1.165 1.727
image357.jpg -2.061 1.451 1.678
image358.jpg -2.052 1.789 1.685
image359.jpg -2.075 2.155 1.633
image360.jpg -1.912 2.476 1.658
image361.jpg -2.035 2.656 1.59
image362.jpg -1.993 3.051 1.628
image363.jpg -0.988 2.92 1.643
image364.jpg -1.04 3.009 1.704
image365.jpg -0.962 2.599 1.575
image366.jpg -1.045 2.38 1.626
image367.jpg -0.931 2.067 1.614
image368.jpg -0.989 1.806 1.63
image369.jpg -0.983 1.511 1.677
image370.jpg -0.959 1.24 1.72
image371.jpg -0.988 0.876 1.713
image372.jpg -0.942 0.534 1.68
image373.jpg -0.962 0.279 1.706
image374.jpg -0.91 0.013 1.73
image375.jpg -0.989 -0.369 1.651
image376.jpg -0.936 -0.596 1.725
image377.jpg -0.996 -0.895 1.738
image378.jpg -1.01 -1.172 1.703
image379.jpg -0.994 -1.597 1.705
image380.jpg -1.023 -1.851 1.747
image381.jpg -1.104 -2.199 1.712
image382.jpg -0.949 -2.376 1.692
image383.jpg -1.24 -2.571 1.432
image384.jpg -3.998 -3.936 1.706
image385.jpg -3.838 -3.811 1.566
image386.jpg -3.888 -3.525 1.601
image387.jpg -3.822 -3.228 1.436
image388.jpg -3.905 -2.759 1.603
image389.jpg -3.915 -2.471 1.608
image390.jpg -3.922 -2.346 1.6
image391.jpg -3.956 -1.868 1.609
image392.jpg -4.021 -1.585 1.707
image393.jpg -3.926 -1.227 1.683
image394.jpg -3.93 -0.924 1.601
image395.jpg -3.889 -0.664 1.577
image396.jpg -3.894 -0.317 1.572
image397.jpg -3.822 -0.044 1.394
image398.jpg -3.984 0.159 1.663
image399.jpg -3.815 0.469 1.592
image400.jpg 1.329 5.981 0.337
image401.jpg -3.488 1.4 1.42
image402.jpg -4.043 1.079 2.23
image403.jpg -3.734 1.797 1.687
image404.jpg -3.747 2.143 1.671
image405.jpg -3.773 2.395 1.684
image406.jpg -3.927 -3.933 1.588
image407.jpg -3.904 -3.562 1.525
image408.jpg -3.9 -3.299 1.526
image409.jpg -3.875 -3.026 1.525
image410.jpg -3.892 -2.72 1.548
image411.jpg -3.944 -2.491 1.567
image412.jpg -3.889 -2.389 1.573
image413.jpg -3.896 -1.908 1.527
image414.jpg -3.947 -1.719 1.568
image415.jpg -3.945 -1.265 1.673
image416.jpg -3.894 -1.126 1.571
image417.jpg -3.872 -0.611 1.586
image418.jpg -3.892 -0.493 1.601
image419.jpg -3.938 0.021 1.638
image420.jpg -3.841 -0.009 1.336
image421.jpg -3.984 0.427 1.799
image422.jpg -4.146 0.426 2.844
image423.jpg -3.371 1.593 1.934
image424.jpg -3.881 1.634 1.47
image425.jpg -3.711 1.911 1.653
image426.jpg -4.096 1.714 1.952
image427.jpg -1.417 1.213 0.035
image428.jpg -3.794 2.564 1.68
image429.jpg -1.196 0.809 -0.411
image430.jpg -3.947 3.098 1.595
image431.jpg -4.261 3.082 1.669
image432.jpg -3.452 4.173 1.447
image433.jpg -2.641 4.226 1.523
image434.jpg -2.839 4.12 1.561
image435.jpg -2.86 3.688 1.498
image436.jpg -2.901 3.425 1.504
image437.jpg -2.955 3.045 1.615
image438.jpg -3.385 2.533 1.996
image439.jpg -2.911 2.623 1.398
image440.jpg -2.917 2.169 1.584
image441.jpg -2.977 1.858 1.674
image442.jpg -2.968 1.523 1.599
image443.jpg -2.948 1.327 1.616
image444.jpg -2.966 0.923 1.637
image445.jpg -2.924 0.69 1.607
image446.jpg -2.94 0.394 1.615
image447.jpg -2.911 0.134 1.621
image448.jpg -2.961 -0.265 1.672
image449.jpg -2.954 -0.548 1.654
image450.jpg -2.932 -0.845 1.681
image451.jpg -2.932 -1.137 1.634
image452.jpg -2.927 -1.361 1.663
image453.jpg -2.86 -1.697 1.642
image454.jpg -2.953 -2.022 1.635
image455.jpg -3.0 -2.363 1.654
image456.jpg -2.955 -2.635 1.617
image457.jpg -2.865 -2.954 1.632
image458.jpg -2.904 -3.437 1.689
image459.jpg -2.947 -3.584 1.686
image460.jpg -2.969 -3.887 1.704
image461.jpg -2.268 -3.053 1.432
image462.jpg -2.138 0.953 3.469
image463.jpg -1.121 -1.107 0.476
image464.jpg -2.284 -2.185 1.51
image465.jpg -2.358 -2.514 1.641
image466.jpg -2.304 -2.122 1.691
image467.jpg -2.118 -1.681 1.705
image468.jpg -1.954 -1.548 1.649
image469.jpg -2.072 -1.353 1.631
image470.jpg -1.949 -0.91 1.678
image471.jpg -1.87 -0.616 1.549
image472.jpg -1.951 -0.367 1.713
image473.jpg -1.943 0.011 1.714
image474.jpg -1.932 -0.122 1.734
image475.jpg -1.925 0.441 1.684
image476.jpg -1.932 0.779 1.681
image477.jpg -1.982 1.135 1.654
image478.jpg -1.934 1.391 1.681
image479.jpg -1.932 1.785 1.658
image480.jpg -1.895 1.988 1.571
image481.jpg -1.915 2.289 1.69
image482.jpg -2.001 2.537 1.627
image483.jpg -1.929 2.911 1.596
image484.jpg -1.899 3.198 1.584
image485.jpg -1.853 3.474 1.576
image486.jpg -1.904 4.098 1.705
image0.jpg -4.074 -4.003 1.58
image1.jpg -4.136 -3.78 1.524
image2.jpg -4.112 -3.613 1.525
image3.jpg -4.136 -3.316 1.579
image4.jpg -4.108 -3.141 1.543
image5.jpg -4.131 -2.954 1.578
image6.jpg -4.142 -2.727 1.585
image7.jpg -4.163 -2.593 1.637
image8.jpg -4.119 -2.389 1.635
image9.jpg -4.126 -2.13 1.621
image10.jpg -4.087 -1.969 1.569
image11.jpg -4.088 -1.812 1.555
image12.jpg -4.156 -1.54 1.661
image13.jpg -4.164 -1.394 1.66
image14.jpg -4.134 -1.116 1.614
image15.jpg -4.119 -0.967 1.623
image16.jpg -4.158 -0.757 1.609
image17.jpg -4.126 -0.499 1.638
image18.jpg -4.114 -0.295 1.563
image19.jpg -4.125 -0.157 1.648
image20.jpg -4.15 0.003 1.793
image21.jpg -4.06 0.275 1.59
image22.jpg -4.065 0.473 1.624
image23.jpg -4.054 0.604 1.753
image24.jpg -4.312 0.796 1.905
image25.jpg -2.95 1.718 0.839
image26.jpg -3.991 1.151 1.81
image27.jpg -4.025 1.449 1.922
image28.jpg -3.961 1.692 1.627
image29.jpg -4.043 1.959 1.557
image30.jpg -4.047 1.906 1.639
image31.jpg -4.091 2.134 1.808
image32.jpg -4.078 2.566 1.625
image33.jpg -4.23 2.68 1.577
image34.jpg -4.055 2.846 1.574
image35.jpg -3.21 2.548 0.737
image36.jpg -3.792 2.741 1.05
image37.jpg -3.952 3.47 1.416
image38.jpg -3.552 2.91 0.438
image39.jpg -4.044 3.865 1.464
image40.jpg -4.366 3.875 1.562
image41.jpg -3.765 -4.816 -0.219
image0.jpg -3.602 -3.946 1.534
image1.jpg -3.855 -3.717 1.542
image2.jpg -3.891 -3.478 1.556
image3.jpg -3.901 -3.474 1.557
image4.jpg -3.906 -3.289 1.495
image5.jpg -3.91 -2.951 1.563
image6.jpg -3.942 -2.737 1.599
image7.jpg -3.917 -2.497 1.594
image8.jpg -3.924 -2.301 1.578
image9.jpg -3.896 -2.114 1.612
image10.jpg -3.935 -1.99 1.618
image11.jpg -3.905 -1.791 1.591
image12.jpg -3.921 -1.52 1.617
image13.jpg -3.933 -1.33 1.624
image14.jpg -3.912 -1.334 1.605
image15.jpg -3.919 -1.037 1.563
image16.jpg -3.927 -0.752 1.577
image17.jpg -3.901 -0.501 1.616
image18.jpg -3.893 -0.352 1.644
image19.jpg -3.898 -0.113 1.616
image20.jpg -3.912 -0.143 1.603
image21.jpg -3.861 0.259 1.631
image22.jpg -3.908 0.412 1.583
image23.jpg -3.872 0.668 1.623
image24.jpg -3.914 0.833 1.753
image25.jpg -2.514 1.812 0.65
image26.jpg -3.801 1.312 1.68
image27.jpg -3.883 1.325 1.958
image28.jpg -3.603 1.967 1.625
image29.jpg -3.834 1.943 1.595
image30.jpg -3.928 1.977 1.694
image31.jpg -3.997 2.046 1.782
image32.jpg -3.631 2.639 1.562
image33.jpg -3.893 2.441 1.536
image34.jpg -0.873 0.239 0.381
image35.jpg -2.402 1.84 -0.083
image36.jpg -3.988 3.04 1.604
image37.jpg -3.833 3.578 1.522
image38.jpg -3.295 3.595 1.055
image39.jpg -3.978 3.653 1.508
image40.jpg -3.976 4.031 1.443
image41.jpg -3.333 3.562 0.813
image42.jpg -3.904 3.791 1.476
image43.jpg -3.747 3.68 1.495
image44.jpg -3.653 3.598 1.477
image45.jpg -3.735 3.268 1.634
image46.jpg -3.664 3.185 1.583
image47.jpg -4.689 0.202 3.469
image48.jpg -3.28 2.868 1.271
image49.jpg -2.825 2.296 1.071
image50.jpg -3.744 2.345 1.534
image51.jpg -3.908 1.913 1.717
image52.jpg -3.594 2.144 1.617
image53.jpg -3.719 1.705 1.701
image54.jpg -3.755 1.638 1.563
image55.jpg -3.976 1.061 1.921
image56.jpg -3.818 0.979 1.878
image57.jpg -3.735 1.016 1.726
image58.jpg -3.796 0.742 2.309
image59.jpg -3.466 0.678 1.267
image60.jpg -3.777 0.251 1.69
image61.jpg -3.779 0.142 1.602
image62.jpg -3.778 -0.105 1.654
image63.jpg -3.749 -0.306 1.668
image64.jpg -3.725 -0.421 1.646
image65.jpg -3.71 -0.654 1.603
image66.jpg -3.656 -0.904 1.616
image67.jpg -3.705 -1.103 1.599
image68.jpg -3.672 -1.325 1.544
image69.jpg -3.705 -1.433 1.587
image70.jpg -3.725 -1.703 1.605
image71.jpg -3.707 -1.853 1.625
image72.jpg -3.728 -2.114 1.61
image73.jpg -3.721 -2.266 1.635
image74.jpg -3.717 -2.471 1.595
image75.jpg -3.704 -2.682 1.617
image76.jpg -3.689 -2.853 1.628
image77.jpg -3.685 -3.061 1.587
image78.jpg -3.683 -3.26 1.59
image79.jpg -3.68 -3.475 1.568
image80.jpg -3.652 -3.673 1.539
image81.jpg -3.691 -3.922 1.613
image82.jpg -3.702 -4.12 1.613
image83.jpg -3.405 -3.998 1.602
image84.jpg -3.525 -3.627 1.549
image85.jpg -3.505 -3.291 1.569
image86.jpg -3.547 -3.144 1.614
image87.jpg -3.507 -2.894 1.608
image88.jpg -3.533 -2.725 1.619
image89.jpg -3.519 -2.626 1.615
image90.jpg -3.506 -2.438 1.615
image91.jpg -3.5 -2.194 1.593
image92.jpg -3.501 -1.942 1.612
image93.jpg -3.503 -1.71 1.626
image94.jpg -3.514 -1.551 1.642
image95.jpg -3.517 -1.325 1.652
image96.jpg -3.506 -1.099 1.65
image97.jpg -3.505 -0.908 1.643
image98.jpg -3.524 -0.69 1.62
image99.jpg -3.529 -0.53 1.634
image100.jpg -3.499 -0.299 1.627
image101.jpg -3.488 -0.089 1.621
image102.jpg -3.509 -0.035 1.667
image103.jpg -3.479 0.319 1.667
image104.jpg -3.515 0.401 1.627
image105.jpg -3.46 0.659 1.64
image106.jpg -3.589 0.666 1.933
image107.jpg -3.476 1.032 1.655
image108.jpg -3.424 1.231 1.685
image109.jpg -3.491 1.361 1.735
image110.jpg -3.385 1.673 1.598
image111.jpg -3.358 1.805 1.541
image112.jpg -3.54 2.024 1.609
image113.jpg -3.443 2.236 1.605
image114.jpg -3.491 2.451 1.516
image1000.jpg 0.985 -0.933 -0.826
image115.jpg -3.52 2.467 1.795
image116.jpg -3.815 2.465 2.077
image117.jpg -2.824 3.332 1.54
image118.jpg -3.441 3.239 1.609
image1001.jpg 4.148 -3.812 1.539
image119.jpg -3.458 3.172 1.259
image1002.jpg 4.201 -3.582 1.547
image1003.jpg 4.185 -3.396 1.583
image1004.jpg 4.186 -3.208 1.611
image1005.jpg 4.186 -3.002 1.586
image1006.jpg 4.204 -2.804 1.552
image1007.jpg 4.136 -2.545 1.496
image1008.jpg 4.162 -2.298 1.499
image1009.jpg 4.209 -2.132 1.51
image1010.jpg 4.163 -1.91 1.494
image1011.jpg 4.155 -1.8 1.452
image1012.jpg 4.156 -1.545 1.481
image1013.jpg 4.246 -1.294 1.521
image1014.jpg 4.244 -1.111 1.543
image1015.jpg 4.18 -1.026 1.892
image1016.jpg 4.224 -0.809 1.993
image1017.jpg 4.208 -0.526 1.326
image1018.jpg 4.242 -0.384 1.555
image1019.jpg 4.221 -0.205 1.515
image1020.jpg 4.228 -0.03 1.601
image1021.jpg 4.205 0.168 1.596
image1022.jpg 4.204 0.404 1.526
image1023.jpg 4.161 0.675 1.479
image1024.jpg 4.124 0.784 1.511
image121.jpg -4.302 -4.056 1.592
image122.jpg -4.187 -3.785 1.488
image123.jpg -4.21 -3.566 1.525
image124.jpg -4.257 -3.336 1.547
image125.jpg -4.232 -3.211 1.589
image126.jpg -4.273 -3.044 1.591
image127.jpg -4.261 -2.782 1.634
image128.jpg -4.195 -2.551 1.576
image129.jpg -4.241 -2.387 1.58
image130.jpg -4.212 -2.165 1.634
image131.jpg -4.203 -2.003 1.612
image132.jpg -4.129 -1.743 1.538
image133.jpg -4.21 -1.62 1.685
image134.jpg -4.178 -1.384 1.595
image135.jpg -4.222 -1.23 1.661
image136.jpg -4.237 -1.006 1.578
image137.jpg -4.234 -0.75 1.623
image138.jpg -4.199 -0.578 1.559
image139.jpg -4.178 -0.404 1.527
image140.jpg -4.176 -0.157 1.517
image141.jpg -4.156 0.087 1.362
image142.jpg -4.115 0.259 1.414
image143.jpg -4.135 0.343 1.635
image144.jpg -4.285 0.506 1.827
image145.jpg -0.447 1.635 0.922
image1025.jpg 0.906 -1.008 -0.597
image146.jpg -4.413 -0.123 1.957
image1026.jpg 4.166 -3.818 1.541
image1027.jpg 4.164 -3.639 1.65
image147.jpg -3.852 2.077 1.242
image148.jpg -4.236 1.554 1.712
image1028.jpg 4.214 -3.41 1.567
image149.jpg -4.205 1.582 1.746
image1029.jpg 4.206 -3.182 1.521
image1030.jpg 4.164 -2.905 1.586
image150.jpg -4.374 1.664 1.884
image151.jpg -4.346 1.832 1.878
image1031.jpg 4.192 -2.765 1.563
image1032.jpg 4.176 -2.488 1.518
image152.jpg -4.121 2.38 1.665
image1033.jpg 4.183 -2.354 1.558
image1034.jpg 4.194 -2.261 1.533
image153.jpg -4.16 2.461 1.659
image1035.jpg 4.181 -1.943 1.516
image154.jpg -4.323 2.5 1.675
image1036.jpg 4.221 -1.734 1.481
image1037.jpg 4.225 -1.564 1.482
image1038.jpg 4.242 -1.37 1.509
image1039.jpg 4.219 -1.212 1.491
image1040.jpg 4.225 -0.931 1.714
image1041.jpg 4.247 -0.724 1.635
image1042.jpg 4.382 -0.443 1.442
image1043.jpg 4.212 -0.259 1.477
image1044.jpg 4.241 -0.099 1.579
image1045.jpg 4.245 0.029 1.565
image155.jpg -1.571 1.219 -0.343
image1046.jpg 4.22 0.212 1.551
image1047.jpg 4.192 0.407 1.494
image1048.jpg 4.167 0.67 1.556
image1049.jpg 4.182 0.79 1.609
image1050.jpg 4.151 1.041 1.522
image156.jpg -3.514 3.034 1.227
image1051.jpg 4.157 1.269 1.469
image1052.jpg 4.182 1.383 1.534
image157.jpg -3.597 2.906 0.759
image1053.jpg 4.204 1.637 1.569
image1054.jpg 4.179 1.784 1.575
image1055.jpg 4.178 2.04 1.542
image158.jpg -3.723 3.351 0.902
image1056.jpg 4.197 2.196 1.79
image159.jpg -4.524 3.347 1.709
image160.jpg -4.387 3.623 1.601
image1057.jpg 4.178 2.378 1.654
image161.jpg -4.098 4.247 1.352
image1058.jpg 4.128 2.721 1.519
image1059.jpg 4.172 2.837 1.446
image1060.jpg 4.147 3.114 1.501
image1061.jpg 4.173 3.23 1.647
image1062.jpg 4.182 3.516 1.64
image1063.jpg 4.191 3.614 1.65
image1064.jpg 4.224 3.827 1.623
image1065.jpg 4.223 4.043 1.543
image1066.jpg 3.965 4.009 1.527
image1067.jpg 3.962 3.743 1.59
image1068.jpg 4.012 3.786 1.577
image1069.jpg 3.957 3.607 1.544
image1070.jpg 3.961 3.333 1.693
image1071.jpg 3.952 3.093 1.516
image1072.jpg 3.977 2.956 1.51
image1073.jpg 3.994 2.756 1.496
image1074.jpg 3.986 2.551 1.688
image1075.jpg 3.983 2.379 2.1
image1076.jpg 3.987 2.073 1.64
image1077.jpg 3.932 1.87 1.643
image1078.jpg 3.932 1.705 1.635
image1079.jpg 3.983 1.596 1.555
image1080.jpg 3.9 1.339 1.535
image1081.jpg 3.778 1.23 1.516
image162.jpg -3.592 -3.936 1.598
image163.jpg -3.539 -3.716 1.505
image1082.jpg 3.947 0.975 1.566
image164.jpg -3.575 -3.544 1.501
image165.jpg -3.601 -3.377 1.598
image1083.jpg 3.952 0.729 1.534
image166.jpg -3.619 -3.151 1.561
image167.jpg -3.592 -2.957 1.504
image1084.jpg 3.916 0.513 1.474
image168.jpg -3.592 -2.786 1.594
image1085.jpg 3.935 0.26 1.556
image169.jpg -3.581 -2.533 1.614
image170.jpg -3.548 -2.284 1.6
image1086.jpg 3.822 0.118 1.583
image171.jpg -3.591 -2.158 1.623
image1087.jpg 3.794 -0.171 1.583
image172.jpg -3.561 -1.991 1.605
image1088.jpg 3.798 -0.28 1.508
image173.jpg -3.597 -1.804 1.626
image1089.jpg 3.913 -0.542 1.52
image174.jpg -3.536 -1.541 1.677
image1090.jpg 3.968 -0.709 1.484
image175.jpg -3.53 -1.388 1.574
image1091.jpg 3.955 -0.895 1.461
image176.jpg -3.617 -1.183 1.718
image177.jpg -3.616 -0.977 1.646
image1092.jpg 3.995 -1.05 1.375
image178.jpg -3.64 -0.735 1.56
image179.jpg -3.572 -0.511 1.598
image1093.jpg 3.939 -1.284 1.542
image180.jpg -3.633 -0.341 1.638
image181.jpg -3.565 -0.109 1.67
image1094.jpg 4.033 -1.511 1.608
image182.jpg -3.602 -0.01 1.601
image1095.jpg 3.952 -1.685 1.625
image183.jpg -3.541 0.273 1.614
image184.jpg -3.552 0.485 1.667
image1096.jpg 3.841 -1.946 1.5
image185.jpg -3.51 0.668 1.617
image1097.jpg 3.78 -2.161 1.536
image186.jpg -3.638 0.738 1.75
image1098.jpg 3.855 -2.293 1.44
image187.jpg -3.368 1.107 1.729
image188.jpg -3.376 1.444 1.582
image1099.jpg 3.929 -2.489 1.531
image189.jpg -3.538 1.451 1.72
image190.jpg -3.517 1.689 1.584
image1100.jpg 4.012 -2.603 1.554
image191.jpg -3.55 1.936 1.569
image192.jpg -3.564 1.955 1.561
image193.jpg -3.723 2.038 1.739
image194.jpg -3.569 2.455 1.681
image1101.jpg 4.027 -2.816 1.552
image195.jpg -3.562 2.677 1.667
image1102.jpg 3.989 -3.005 1.563
image196.jpg -3.62 2.752 1.954
image197.jpg -3.526 3.081 1.705
image1103.jpg 3.996 -3.223 1.521
image198.jpg -3.518 3.31 1.43
image199.jpg -3.635 3.325 1.551
image1104.jpg 3.984 -3.397 1.519
image1105.jpg 3.982 -3.69 1.691
image200.jpg -3.567 3.491 1.479
image201.jpg -3.42 3.992 1.479
image1106.jpg 3.909 -3.865 1.601
image202.jpg -3.499 4.149 1.498
image203.jpg -3.723 3.89 1.464
image1107.jpg 4.055 -4.01 1.473
image204.jpg -3.154 4.178 1.439
image1108.jpg -1.347 -1.685 3.469
image205.jpg -3.536 3.653 1.446
image1109.jpg 3.77 -3.497 1.518
image206.jpg -3.5 3.431 1.518
image1110.jpg 3.847 -3.321 1.493
image1111.jpg 3.788 -3.124 1.543
image207.jpg -3.378 3.404 1.579
image1112.jpg 3.801 -3.005 1.529
image1113.jpg 3.827 -2.777 1.549
image208.jpg -3.433 3.17 1.628
image1114.jpg 3.77 -2.539 1.622
image209.jpg -3.365 3.028 1.813
image1115.jpg 3.787 -2.314 1.563
image210.jpg -3.435 2.824 2.265
image1116.jpg 3.808 -2.199 1.519
image211.jpg -2.569 2.523 0.891
image212.jpg -3.059 2.721 1.513
image1117.jpg 3.81 -1.949 1.56
image1118.jpg 3.819 -1.743 1.574
image213.jpg -3.285 2.379 1.448
image1119.jpg 3.795 -1.533 1.545
image1120.jpg 3.892 -1.313 1.592
image214.jpg -3.355 2.012 1.647
image1121.jpg 3.89 -1.131 1.595
image215.jpg -3.41 1.797 1.581
image1122.jpg 3.728 -0.903 1.489
image1123.jpg 3.721 -0.743 1.502
image1124.jpg 3.723 -0.463 1.522
image216.jpg -3.446 1.563 1.592
image1125.jpg 3.788 -0.262 1.494
image217.jpg -3.804 0.95 1.969
image1126.jpg 3.819 -0.23 1.525
image1127.jpg 3.883 0.036 1.57
image218.jpg -3.468 1.119 1.717
image1128.jpg 3.892 0.242 1.603
image219.jpg -3.366 1.164 1.526
image1129.jpg 3.806 0.48 1.57
image220.jpg -3.538 0.697 1.741
image1130.jpg 3.796 0.632 1.592
image1131.jpg 3.773 0.804 1.57
image221.jpg -3.502 0.564 1.82
image1132.jpg 3.724 1.082 1.529
image222.jpg -3.374 0.44 1.622
image1133.jpg 3.738 1.22 1.486
image223.jpg -3.503 0.148 1.632
image1134.jpg 3.797 1.495 1.558
image1135.jpg 3.783 1.66 1.58
image224.jpg -3.418 0.002 1.629
image1136.jpg 3.763 1.877 1.585
image225.jpg -3.442 -0.217 1.651
image1137.jpg 3.766 2.113 1.544
image1138.jpg 3.815 2.247 1.53
image226.jpg -3.438 -0.455 1.611
image1139.jpg 3.802 2.364 1.595
image1140.jpg 3.824 2.644 1.512
image227.jpg -3.43 -0.675 1.649
image1141.jpg 3.825 2.829 1.499
image1142.jpg 3.805 2.993 1.548
image228.jpg -3.448 -0.872 1.624
image1143.jpg 3.816 3.21 1.551
image229.jpg -3.406 -1.021 1.598
image1144.jpg 3.824 3.503 1.677
image1145.jpg 3.853 3.662 1.633
image230.jpg -3.395 -1.233 1.602
image231.jpg -3.389 -1.476 1.633
image1146.jpg 3.767 3.77 1.626
image232.jpg -3.36 -1.662 1.677
image1147.jpg 3.836 4.083 1.508
image233.jpg -3.452 -1.805 1.651
image1148.jpg 3.821 4.001 1.58
image234.jpg -3.434 -2.005 1.593
image1149.jpg 3.655 3.985 1.605
image235.jpg -3.394 -2.264 1.687
image236.jpg -3.433 -2.459 1.634
image1150.jpg 3.59 3.809 1.512
image1151.jpg 3.597 3.579 1.581
image237.jpg -3.419 -2.633 1.595
image1152.jpg 3.606 3.413 1.593
image238.jpg -3.448 -2.85 1.655
image239.jpg -3.493 -3.085 1.707
image240.jpg -3.382 -3.252 1.644
image1153.jpg 3.584 3.176 1.524
image241.jpg -3.471 -3.441 1.556
image1154.jpg 3.598 2.998 1.536
image242.jpg -3.443 -3.633 1.572
image243.jpg -3.451 -3.83 1.564
image1155.jpg 3.573 2.725 1.522
image244.jpg -3.416 -4.058 1.562
image245.jpg -3.136 -3.8 1.665
image1156.jpg 3.601 2.606 1.598
image1157.jpg 3.593 2.38 1.596
image246.jpg -3.154 -3.636 1.678
image247.jpg -3.166 -3.422 1.673
image1158.jpg 3.592 2.109 1.598
image248.jpg -3.22 -3.068 1.569
image1159.jpg 3.599 1.987 1.58
image249.jpg -3.222 -2.859 1.541
image1160.jpg 3.529 1.517 1.622
image1161.jpg 3.572 1.6 1.571
image250.jpg -3.217 -2.723 1.632
image251.jpg -3.287 -2.463 1.736
image1162.jpg 3.56 1.401 1.604
image252.jpg -3.115 -2.254 1.655
image1163.jpg 3.598 1.129 1.576
image253.jpg -3.103 -2.237 1.623
image254.jpg -3.197 -2.079 1.756
image255.jpg -3.181 -1.787 1.972
image256.jpg -3.107 -1.466 1.914
image1164.jpg 3.567 0.976 1.564
image257.jpg -3.2 -1.403 1.623
image258.jpg -3.186 -1.218 1.655
image259.jpg -3.233 -1.03 1.631
image260.jpg -3.209 -0.758 1.659
image261.jpg -3.151 -0.533 1.666
image1165.jpg 3.611 0.814 1.644
image262.jpg -3.187 -0.384 1.644
image1166.jpg 3.589 0.608 1.57
image263.jpg -3.185 -0.168 1.564
image1167.jpg 3.604 0.394 1.546
image1168.jpg 3.601 0.214 1.599
image1169.jpg 3.594 0.003 1.526
image264.jpg -3.128 0.105 1.651
image265.jpg -3.167 0.188 1.613
image266.jpg -3.198 0.366 1.669
image1170.jpg 3.563 -0.176 1.567
image1171.jpg 3.597 -0.388 1.497
image1172.jpg 3.603 -0.586 1.576
image1173.jpg 3.594 -0.825 1.607
image267.jpg -3.216 0.514 1.777
image1174.jpg 3.597 -1.018 1.495
image1175.jpg 3.615 -1.204 1.498
image1176.jpg 3.666 -1.405 0.099
image486.jpg -3.199 -4.011 1.513
image487.jpg -3.197 -3.789 1.615
image488.jpg -3.223 -3.604 1.667
image489.jpg -3.206 -3.358 1.629
image490.jpg -3.187 -3.144 1.709
image491.jpg -3.185 -2.943 1.682
image492.jpg -3.23 -2.713 1.526
image493.jpg -3.238 -2.509 1.566
image494.jpg -3.216 -2.31 1.621
image495.jpg -3.174 -2.133 1.64
image496.jpg -3.137 -2.003 1.612
image497.jpg -3.199 -1.805 1.784
image498.jpg -3.222 -1.576 2.274
image499.jpg -3.144 -1.372 1.564
image500.jpg -3.196 -1.138 1.542
image501.jpg -3.219 -0.997 1.659
image502.jpg -3.193 -0.769 1.681
image1176.jpg 3.608 -4.102 1.519
image503.jpg -3.219 -0.606 1.673
image504.jpg -3.199 -0.324 1.666
image505.jpg -3.167 -0.146 1.655
image506.jpg -3.214 0.057 1.705
image507.jpg -3.166 0.288 1.631
image1177.jpg 3.616 -3.835 1.588
image508.jpg -3.163 0.429 1.612
image509.jpg -3.164 0.674 1.596
image510.jpg -3.225 0.847 1.677
image511.jpg -3.187 1.061 1.642
image512.jpg -3.095 1.28 1.596
image513.jpg -3.203 1.38 1.639
image1178.jpg 3.604 -3.592 1.556
image514.jpg -3.311 1.52 1.544
image515.jpg -3.222 1.684 1.637
image516.jpg -3.308 1.964 1.599
image517.jpg -3.424 2.032 1.779
image518.jpg -3.364 2.205 1.751
image1179.jpg 3.722 -3.406 1.585
image1180.jpg 2.307 -2.799 0.608
image519.jpg -3.199 2.699 2.258
image520.jpg -3.2 2.685 2.41
image521.jpg -3.117 3.145 1.243
image522.jpg -1.945 1.687 -0.033
image523.jpg -3.154 3.452 1.545
image524.jpg -3.589 3.22 1.52
image525.jpg -2.982 4.02 1.451
image526.jpg -3.073 4.109 1.473
image1181.jpg 3.633 -3.013 1.713
image527.jpg -2.998 -3.968 1.624
image528.jpg -2.947 -3.497 1.598
image529.jpg -2.993 -3.371 1.633
image530.jpg -3.023 -3.053 1.565
image531.jpg -2.984 -2.821 1.621
image532.jpg -2.967 -2.417 1.625
image533.jpg -3.04 -1.975 1.697
image534.jpg -2.994 -1.94 1.665
image535.jpg -2.965 -1.624 1.661
image536.jpg -3.014 -1.265 1.617
image537.jpg -2.999 -1.034 1.664
image538.jpg -3.007 -0.728 1.661
image539.jpg -2.993 -0.384 1.67
image540.jpg -2.973 -0.084 1.648
image541.jpg -2.991 0.197 1.618
image542.jpg -2.988 0.546 1.591
image543.jpg -2.961 0.832 1.617
image544.jpg -3.051 1.033 1.676
image545.jpg -2.963 1.452 1.598
image546.jpg -2.986 1.719 1.528
image547.jpg -3.051 1.988 1.593
image548.jpg -2.91 2.375 1.569
image549.jpg -2.511 3.068 1.603
image550.jpg -1.753 1.579 0.601
image551.jpg -2.873 3.262 1.109
image552.jpg -3.006 3.509 1.603
image553.jpg -2.946 3.848 1.477
image554.jpg -2.894 4.265 1.553
image555.jpg -2.931 4.123 1.466
image556.jpg -2.758 3.616 1.556
image557.jpg -2.731 3.761 1.631
image558.jpg -2.668 3.495 1.594
image559.jpg -2.733 2.975 1.541
image560.jpg -2.801 2.748 1.606
image561.jpg -2.733 2.541 1.591
image562.jpg -2.748 2.2 1.647
image563.jpg -2.798 1.69 1.701
image564.jpg -2.767 1.581 1.724
image565.jpg -2.744 1.269 1.661
image566.jpg -2.735 0.986 1.638
image567.jpg -2.689 0.739 1.627
image568.jpg -2.719 0.355 1.674
image569.jpg -2.712 0.08 1.622
image570.jpg -2.741 -0.246 1.641
image571.jpg -2.772 -0.469 1.673
image572.jpg -2.693 -0.781 1.738
image573.jpg -2.717 -1.111 1.639
image574.jpg -2.758 -1.36 1.684
image575.jpg -2.735 -1.733 1.697
image576.jpg -2.715 -2.0 1.666
image577.jpg -2.714 -2.295 1.635
image578.jpg -2.681 -2.579 1.606
image579.jpg -2.708 -2.916 1.591
image580.jpg -2.705 -3.28 1.624
image581.jpg -2.618 -3.791 1.772
image582.jpg -2.688 -4.084 1.708
image583.jpg -2.658 -4.071 1.649
image584.jpg -2.445 -3.586 1.74
image585.jpg -2.509 -2.65 1.561
image586.jpg -2.293 -2.941 1.57
image587.jpg -2.458 -2.638 1.625
image588.jpg -2.531 -2.5 1.643
image589.jpg -2.423 -2.263 1.653
image590.jpg -1.216 -1.681 0.622
image591.jpg -2.414 -3.642 1.767
image592.jpg -2.438 -3.26 1.71
image593.jpg -2.453 -3.308 1.789
image594.jpg -2.399 -2.913 1.661
image595.jpg -2.442 -2.313 1.634
image596.jpg -2.355 -2.456 1.642
image597.jpg -2.497 -1.868 1.694
image598.jpg -2.418 -1.509 1.697
image599.jpg -2.43 -1.249 1.656
image600.jpg -2.478 -1.011 1.631
image601.jpg -2.402 -0.721 1.704
image602.jpg -2.423 -0.382 1.719
image603.jpg -2.402 0.012 1.704
image604.jpg -2.44 0.322 1.746
image605.jpg -2.437 0.426 1.69
image606.jpg -2.43 0.891 1.697
image607.jpg -2.416 1.05 1.693
image608.jpg -2.468 1.324 1.647
image609.jpg -2.443 1.628 1.667
image610.jpg -2.333 2.104 1.602
image611.jpg -2.283 2.441 1.617
image612.jpg -2.428 2.671 1.662
image590.jpg -2.437 -4.129 1.798
image591.jpg -2.446 -3.585 1.63
image592.jpg -2.504 -3.549 1.653
image593.jpg -2.003 -2.409 1.19
image594.jpg -2.447 -2.869 1.618
image595.jpg -2.449 -2.52 1.599
image596.jpg -1.044 0.413 3.247
image597.jpg -2.366 -2.302 1.663
image598.jpg -2.423 -1.762 1.7
image599.jpg -2.465 -1.248 1.691
image600.jpg -2.484 -0.978 1.697
image601.jpg -2.437 -0.613 1.673
image602.jpg -2.445 -0.238 1.756
image603.jpg -2.282 -0.159 1.539
image604.jpg -2.429 -0.068 1.729
image605.jpg -2.361 0.461 1.737
image606.jpg -2.402 0.761 1.692
image607.jpg -2.434 1.061 1.668
image608.jpg -2.38 1.382 1.614
image609.jpg -2.39 1.719 1.712
image610.jpg -2.445 2.009 1.646
image611.jpg -2.385 2.296 1.596
image612.jpg -2.44 2.568 1.573
image613.jpg -2.408 2.871 1.625
image614.jpg -2.38 3.269 1.631
image615.jpg -2.385 3.479 1.626
image616.jpg -2.353 3.802 1.542
image617.jpg -2.369 4.087 1.573
image618.jpg -2.104 4.02 1.531
image619.jpg -2.034 3.985 1.532
image620.jpg -2.111 3.671 1.585
image621.jpg -2.135 2.983 1.65
image622.jpg -2.079 2.928 1.608
image623.jpg -2.092 2.799 1.607
image624.jpg -1.902 2.551 1.639
image625.jpg -2.095 2.21 1.671
image626.jpg -2.118 1.919 1.589
image627.jpg -2.143 1.656 1.726
image628.jpg -2.125 1.297 1.664
image629.jpg -2.107 0.984 1.837
image630.jpg -2.112 0.606 1.675
image631.jpg -2.082 0.41 1.556
image632.jpg -2.12 0.106 1.705
image633.jpg -2.11 -0.221 1.699
image634.jpg -2.08 -0.594 1.722
image635.jpg -2.09 -0.897 1.695
image636.jpg -2.054 -1.158 1.649
image637.jpg -2.1 -1.484 1.654
image638.jpg -1.967 -1.737 1.713
image639.jpg -2.151 -1.983 1.7
image640.jpg -1.932 -2.562 1.638
image641.jpg -2.018 -2.417 1.617
image642.jpg -1.861 -2.689 1.545
image643.jpg -0.614 -1.538 0.804
image644.jpg -2.22 -3.099 1.316
image645.jpg -1.531 -1.69 0.355
image645.jpg 0.269 0.888 2.693
image1176.jpg 3.57 -3.998 1.398
image646.jpg -1.872 -2.673 1.366
image1177.jpg 3.522 -3.731 1.526
image1178.jpg 3.52 -3.397 1.554
image1179.jpg 3.648 -3.099 1.511
image647.jpg -2.071 -2.516 1.416
image1180.jpg 3.555 -2.819 1.53
image1181.jpg 3.591 -2.498 1.564
image648.jpg -1.964 -2.522 1.464
image1182.jpg 3.578 -2.235 1.596
image1183.jpg 3.593 -1.918 1.542
image649.jpg -1.884 -1.969 1.187
image1184.jpg 3.596 -1.621 1.562
image650.jpg -2.31 -2.405 1.666
image1185.jpg 3.516 -1.238 1.548
image651.jpg -1.778 -2.023 1.751
image1186.jpg 3.586 -1.011 1.495
image652.jpg -1.901 -2.051 1.639
image653.jpg -1.829 -1.642 1.736
image654.jpg -1.898 -1.259 1.69
image655.jpg -1.911 -0.998 1.725
image656.jpg -1.835 -0.664 1.713
image657.jpg -1.904 -0.447 1.735
image658.jpg -1.939 -0.091 1.746
image659.jpg -1.929 0.2 1.724
image660.jpg -1.916 0.497 1.721
image661.jpg -1.918 0.845 1.722
image662.jpg -1.982 1.103 1.749
image1187.jpg 3.607 -0.691 1.53
image663.jpg -2.011 1.393 1.758
image1188.jpg 3.578 -0.398 1.555
image1189.jpg 3.602 -0.104 1.534
image1190.jpg 3.587 0.182 1.582
image1191.jpg 3.585 0.483 1.584
image1192.jpg 3.677 0.769 1.63
image1193.jpg 3.491 1.201 1.596
image664.jpg -1.924 1.713 1.633
image665.jpg -1.892 1.96 1.677
image1194.jpg 0.502 0.394 0.084
image666.jpg -1.894 2.362 1.697
image1195.jpg 3.553 1.774 1.467
image1196.jpg 3.614 2.113 1.533
image667.jpg -2.041 2.562 1.682
image1197.jpg 3.55 2.411 1.62
image1198.jpg 3.599 2.583 1.553
image1199.jpg 3.621 2.988 1.591
image668.jpg -1.893 2.885 1.575
image1200.jpg 3.636 3.281 1.615
image1201.jpg 3.62 3.617 1.613
image1202.jpg 3.57 3.958 1.561
image1203.jpg 3.566 4.205 1.581
image669.jpg -1.883 3.271 1.8
image1204.jpg 3.622 4.06 1.599
image1205.jpg 3.321 4.018 1.556
image670.jpg -1.869 3.53 1.615
image1206.jpg 3.307 3.611 1.478
image671.jpg -1.963 3.617 1.477
image672.jpg -1.849 3.669 1.2
image673.jpg -1.835 4.695 1.813
image674.jpg -1.712 3.576 1.479
image675.jpg -1.669 3.457 1.502
image676.jpg -1.731 3.153 1.458
image677.jpg -1.6 3.214 1.607
image678.jpg -1.57 2.824 1.537
image679.jpg -1.536 2.147 1.654
image1207.jpg 3.3 3.393 1.651
image680.jpg -1.576 2.199 1.53
image1208.jpg 3.403 3.167 1.677
image1209.jpg 3.339 2.806 1.643
image681.jpg -1.627 1.906 1.674
image1210.jpg 3.317 2.388 1.598
image682.jpg -1.668 1.629 1.685
image1211.jpg 3.297 2.096 1.564
image683.jpg -1.576 1.272 1.665
image1212.jpg 3.313 1.867 1.563
image684.jpg -1.516 1.038 1.689
image1213.jpg 3.189 1.543 1.585
image685.jpg -1.53 0.643 1.781
image1214.jpg 3.311 1.298 1.516
image686.jpg -1.583 0.409 1.747
image1215.jpg 3.42 0.959 1.612
image687.jpg -1.585 0.123 1.758
image688.jpg -1.605 -0.211 1.842
image1216.jpg 3.289 0.681 1.589
image689.jpg -1.53 -0.524 1.936
image1217.jpg 3.303 0.384 1.639
image690.jpg -1.635 -0.776 1.632
image1218.jpg 3.254 0.129 1.57
image691.jpg -1.579 -1.153 1.733
image1219.jpg 3.349 -0.265 1.588
image692.jpg -1.555 -1.486 1.73
image693.jpg -1.583 -1.788 1.818
image1220.jpg 3.273 -0.441 1.589
image694.jpg -1.464 -2.091 1.782
image1221.jpg 3.319 -1.202 1.584
image1222.jpg 3.341 -1.529 1.6
image695.jpg -1.633 -2.404 1.613
image1223.jpg 3.322 -1.412 1.583
image696.jpg -1.612 -2.554 1.684
image1224.jpg 3.299 -1.743 1.616
image697.jpg -1.665 -3.145 1.549
image1225.jpg 3.371 -2.035 1.612
image698.jpg -1.562 -3.405 1.745
image1226.jpg 3.288 -2.336 1.613
image699.jpg -1.48 -3.403 1.578
image1227.jpg 3.327 -2.625 1.558
image700.jpg -1.485 -3.873 1.647
image1228.jpg 3.282 -2.897 1.616
image701.jpg -1.585 -4.124 1.741
image702.jpg -1.385 -3.515 1.734
image1229.jpg 3.464 -3.16 1.584
image703.jpg -1.431 -3.327 1.589
image1230.jpg 3.29 -3.589 1.624
image704.jpg -1.383 -2.917 1.611
image705.jpg -1.476 -2.704 1.62
image1231.jpg 3.333 -3.767 1.56
image706.jpg -1.337 -2.498 1.673
image707.jpg -1.347 -2.118 1.737
image708.jpg -1.419 -1.909 1.789
image709.jpg -1.409 -1.592 1.811
image710.jpg -1.336 -1.154 1.787
image711.jpg -1.321 -0.95 1.85
image712.jpg -1.351 -0.675 1.83
image713.jpg -1.267 -0.371 2.336
image714.jpg -1.37 0.125 1.422
image715.jpg -1.296 -0.139 1.649
image716.jpg -1.302 0.479 1.671
image717.jpg -1.263 0.751 1.723
image718.jpg -1.386 1.067 1.722
image719.jpg -1.39 1.413 1.68
image720.jpg -1.306 1.614 2.73
image721.jpg -1.306 2.082 1.508
image722.jpg -1.303 2.28 1.777
image723.jpg -1.323 2.601 1.601
image724.jpg -1.328 2.894 1.53
image725.jpg -1.344 3.124 1.541
image726.jpg -1.429 2.905 1.255
image727.jpg -1.215 3.846 1.489
image728.jpg -1.23 4.154 1.582
image1231.jpg 3.01 -4.022 1.482
image1232.jpg 3.0 -3.721 1.713
image1233.jpg 2.856 -3.278 1.556
image1234.jpg 2.855 -2.959 1.62
image1235.jpg 2.974 -2.962 1.619
image1236.jpg 2.948 -2.444 1.638
image1237.jpg 2.992 -2.357 1.567
image1238.jpg 2.951 -1.819 1.668
image1239.jpg 2.958 -1.701 1.585
image729.jpg -1.194 -3.866 1.65
image730.jpg -1.162 -3.685 1.61
image731.jpg -1.194 -3.471 1.658
image732.jpg -1.023 -2.989 1.569
image733.jpg -1.161 -2.848 1.637
image734.jpg -1.022 -2.512 1.721
image735.jpg -1.151 -2.236 1.752
image736.jpg -1.165 -1.901 1.656
image737.jpg -1.058 -1.504 1.678
image738.jpg -1.097 -1.214 1.779
image739.jpg -1.129 -1.035 1.762
image740.jpg -1.061 -0.783 2.199
image741.jpg -1.136 -0.423 1.574
image742.jpg -1.12 -0.129 1.801
image743.jpg -1.135 0.22 1.704
image744.jpg -1.129 0.483 1.804
image745.jpg -1.072 0.773 1.776
image746.jpg -1.108 1.098 1.757
image747.jpg -1.148 1.368 1.626
image748.jpg -1.134 1.619 2.3
image749.jpg -1.106 1.953 1.657
image750.jpg -1.191 2.244 1.687
image751.jpg -1.097 2.56 1.684
image1231.jpg 2.982 -4.01 1.484
image1232.jpg 2.88 -3.639 1.637
image752.jpg -1.078 2.863 1.598
image1233.jpg 2.976 -3.392 1.615
image753.jpg -0.488 0.85 0.107
image754.jpg -1.068 3.504 1.543
image1234.jpg 2.8 -2.975 1.642
image1235.jpg 2.876 -2.862 1.651
image755.jpg -1.183 3.761 1.414
image756.jpg -1.076 4.074 1.53
image757.jpg -0.751 3.984 1.507
image758.jpg -0.822 3.972 1.579
image759.jpg -0.795 3.699 1.486
image760.jpg -0.753 3.499 1.598
image761.jpg -0.755 3.059 1.674
image762.jpg -0.742 2.769 1.695
image763.jpg -0.741 2.171 1.845
image764.jpg -0.688 1.836 1.666
image765.jpg -0.746 1.893 1.718
image766.jpg -0.807 1.615 1.7
image767.jpg -0.753 1.322 1.661
image768.jpg -0.81 1.029 1.825
image769.jpg -0.718 0.618 1.648
image770.jpg -0.72 0.354 1.78
image771.jpg -0.717 0.066 1.792
image772.jpg -0.843 -0.299 1.628
image773.jpg -0.691 -0.452 1.769
image774.jpg -0.712 -0.767 1.809
image775.jpg -0.817 -1.136 1.774
image776.jpg -0.822 -1.44 1.702
image777.jpg -0.767 -1.736 1.722
image778.jpg -0.729 -2.037 1.759
image779.jpg -0.732 -2.379 1.726
image780.jpg -0.748 -2.465 1.688
image781.jpg -0.79 -3.034 1.678
image782.jpg -0.71 -3.174 1.579
image783.jpg -0.805 -3.486 2.017
image784.jpg -0.839 -3.868 2.074
image785.jpg -0.43 -4.006 1.758
image786.jpg -0.633 -3.523 1.606
image787.jpg -0.476 -3.182 1.664
image1231.jpg 3.012 -4.01 1.516
image1232.jpg 2.945 -3.707 1.636
image1233.jpg 2.799 -3.28 1.629
image788.jpg -0.463 -3.013 1.571
image789.jpg -0.525 -2.837 1.654
image790.jpg -0.535 -2.433 1.697
image791.jpg -0.557 -2.048 1.728
image792.jpg -0.596 -1.83 1.725
image793.jpg -0.598 -1.595 1.794
image794.jpg -0.527 -1.281 1.826
image795.jpg -0.59 -0.885 1.735
image796.jpg -0.611 -0.595 1.785
image797.jpg -0.661 -0.357 1.692
image798.jpg -0.596 -0.027 1.666
image799.jpg -0.533 -0.121 1.699
image800.jpg -0.42 0.544 1.825
image801.jpg -0.517 0.772 1.781
image802.jpg -0.568 1.095 1.715
image803.jpg -0.508 1.339 1.629
image804.jpg -0.441 1.685 1.76
image805.jpg -0.464 1.967 1.741
image806.jpg -0.531 2.282 1.653
image807.jpg -0.501 2.598 1.68
image808.jpg -0.536 2.878 1.63
image809.jpg -0.504 3.174 1.566
image810.jpg -0.526 3.497 1.705
image811.jpg -0.495 3.79 1.602
image812.jpg -0.479 4.109 1.586
image813.jpg -0.35 -3.926 1.556
image1231.jpg 2.955 -4.063 1.536
image1232.jpg 3.027 -3.773 1.699
image1233.jpg 2.921 -3.355 1.524
image814.jpg -0.302 -3.7 1.671
image1234.jpg 3.016 -3.12 1.61
image815.jpg -0.262 -3.296 1.695
image1235.jpg 2.924 -2.837 1.63
image1236.jpg 3.008 -2.533 1.555
image816.jpg -0.315 -3.109 1.662
image1237.jpg 2.986 -2.211 1.596
image817.jpg -0.315 -2.848 1.669
image818.jpg -0.31 -2.488 1.669
image1238.jpg 2.96 -1.929 1.673
image819.jpg -0.306 -2.249 1.642
image1239.jpg 3.01 -1.613 1.585
image820.jpg -0.31 -2.009 2.447
image1240.jpg 2.975 -1.326 1.618
image821.jpg -0.331 -1.538 1.591
image822.jpg -0.294 -1.242 1.604
image1241.jpg 3.017 -1.04 1.593
image823.jpg -0.278 -0.933 1.816
image1242.jpg 2.946 -0.685 1.623
image824.jpg -0.351 -0.797 1.703
image1243.jpg 3.013 -0.45 1.611
image825.jpg -0.312 -0.394 1.644
image1244.jpg 2.973 -0.08 1.598
image826.jpg -0.282 -0.118 1.764
image1245.jpg 3.008 0.162 1.565
image827.jpg -0.327 0.14 1.651
image1246.jpg 2.957 0.65 1.616
image828.jpg -0.378 0.462 1.63
image1247.jpg 2.972 0.909 1.604
image1248.jpg 2.902 1.221 1.573
image829.jpg -0.28 0.772 1.702
image1249.jpg 2.961 1.464 1.613
image830.jpg -0.368 1.123 1.795
image1250.jpg 2.968 1.77 1.642
image831.jpg -0.288 1.369 1.704
image1251.jpg 2.953 2.1 1.598
image832.jpg -0.306 1.666 1.675
image833.jpg -0.318 2.029 1.676
image834.jpg -0.297 2.305 1.702
image1252.jpg 2.984 2.331 1.568
image835.jpg -0.333 2.572 1.623
image836.jpg -0.345 2.899 1.635
image837.jpg -0.314 3.188 1.677
image838.jpg -0.32 3.48 1.568
image839.jpg -0.319 3.787 1.604
image840.jpg -0.309 4.093 1.706
image1253.jpg 3.018 2.575 1.542
image841.jpg 0.013 4.035 1.729
image842.jpg -0.038 3.674 1.632
image843.jpg -0.034 3.688 1.611
image1254.jpg 3.018 2.907 1.477
image844.jpg 0.014 3.005 1.634
image845.jpg -0.002 3.103 1.583
image846.jpg 0.004 2.524 1.659
image847.jpg -0.005 2.509 1.596
image1255.jpg 3.007 3.203 1.623
image848.jpg 0.051 1.933 1.671
image849.jpg -0.025 1.882 1.622
image850.jpg -0.005 1.582 1.591
image851.jpg 0.032 1.249 1.641
image852.jpg 0.07 0.952 1.789
image853.jpg -0.077 0.581 1.605
image1256.jpg 2.965 3.486 1.576
image854.jpg -0.043 0.409 1.686
image855.jpg -0.06 0.109 1.717
image856.jpg -0.033 -0.117 1.783
image857.jpg 0.012 -0.494 1.761
image858.jpg -0.016 -0.87 1.762
image859.jpg -0.009 -1.145 1.728
image860.jpg 0.051 -1.381 1.709
image861.jpg 0.01 -1.678 1.679
image862.jpg -0.005 -1.981 1.645
image863.jpg 0.037 -2.366 1.666
image864.jpg 0.003 -2.615 1.627
image865.jpg 0.032 -2.873 1.672
image866.jpg -0.016 -3.234 1.711
image867.jpg 0.015 -3.451 1.628
image868.jpg -0.015 -4.109 1.607
image869.jpg 0.305 -4.028 1.672
image870.jpg 0.28 -3.705 1.746
image871.jpg 0.296 -3.389 1.681
image872.jpg 0.347 -3.064 1.754
image873.jpg 0.261 -2.821 1.662
image874.jpg 0.286 -2.544 1.724
image875.jpg 0.29 -2.451 0.153
image1257.jpg 2.657 -4.014 1.547
image1258.jpg 2.673 -3.694 1.603
image1259.jpg 2.683 -3.326 1.548
image1260.jpg 2.678 -3.074 1.655
image1261.jpg 2.679 -2.841 1.636
image1262.jpg 2.572 -2.391 1.67
image1263.jpg 2.641 -2.221 1.597
image1264.jpg 2.709 -1.886 1.594
image1265.jpg 2.679 -1.516 1.605
image1266.jpg 2.693 -1.305 1.594
image1267.jpg 2.657 -0.925 1.63
image1268.jpg 2.661 -0.722 1.619
image1269.jpg 2.645 -0.397 1.585
image1270.jpg 2.667 -0.084 1.581
image1271.jpg 2.72 -0.122 1.622
image1272.jpg 2.683 0.488 1.65
image1273.jpg 2.646 0.801 1.621
image1274.jpg 2.712 1.06 1.615
image1275.jpg 2.681 1.374 1.598
image1276.jpg 2.728 1.683 1.56
image1277.jpg 2.692 1.97 1.627
image876.jpg 0.297 -3.97 1.742
image1278.jpg 2.708 2.255 1.612
image877.jpg 0.286 -3.684 1.682
image1257.jpg 2.669 -4.051 1.597
image1258.jpg 2.627 -3.626 1.587
image1259.jpg 2.605 -3.314 1.643
image1260.jpg 2.631 -3.041 1.616
image1261.jpg 2.733 -2.899 1.58
image1262.jpg 2.603 -2.477 1.623
image1263.jpg 2.641 -2.295 1.602
image1264.jpg 2.647 -1.841 1.58
image1265.jpg 2.645 -1.613 1.632
image1266.jpg 2.689 -1.335 1.68
image1267.jpg 2.65 -0.996 1.646
image1268.jpg 2.56 -0.528 1.642
image1269.jpg 2.678 -0.425 1.566
image1270.jpg 2.668 -0.085 1.66
image1271.jpg 2.647 0.139 1.613
image1272.jpg 2.669 0.178 1.555
image876.jpg 0.201 -3.879 1.663
image877.jpg 0.298 -3.726 1.666
image1273.jpg 2.586 0.868 1.591
image1274.jpg 2.635 1.226 1.616
image878.jpg 0.386 -3.185 1.595
image1275.jpg 2.628 1.426 1.662
image1276.jpg 2.684 1.782 1.626
image1277.jpg 2.602 2.171 1.674
image1278.jpg 2.647 2.397 1.601
image1279.jpg 2.689 2.584 1.578
image879.jpg 0.19 -3.199 1.811
image1280.jpg 2.593 3.004 1.574
image880.jpg 0.276 -2.748 1.614
image881.jpg 0.252 -2.514 1.681
image1281.jpg 2.974 3.476 3.469
image1282.jpg 2.837 3.856 3.469
image882.jpg 0.259 -2.183 1.581
image883.jpg 0.329 -1.927 1.626
image884.jpg 0.287 -1.601 1.703
image1283.jpg 2.689 3.787 3.469
image885.jpg 0.3 -1.319 1.726
image886.jpg 0.245 -1.01 1.709
image887.jpg 0.293 -0.664 1.704
image888.jpg 0.32 -0.409 1.747
image1284.jpg 2.685 4.072 3.469
image889.jpg 0.313 -0.221 2.174
image1285.jpg 2.695 4.083 3.469
image890.jpg 0.299 0.18 1.693
image891.jpg 0.188 0.487 1.613
image892.jpg 0.291 0.788 1.627
image1286.jpg 2.443 3.988 3.469
image893.jpg 0.276 1.068 1.568
image1287.jpg 2.416 3.69 3.469
image894.jpg 0.327 1.411 1.626
image1288.jpg 2.332 3.289 3.469
image895.jpg 0.213 1.702 1.563
image1289.jpg 2.359 3.032 3.469
image896.jpg 0.34 2.014 1.658
image1290.jpg 2.351 2.704 3.469
image897.jpg 0.267 2.287 1.645
image1291.jpg 2.363 2.071 3.469
image898.jpg 0.26 2.617 1.624
image1292.jpg 2.403 2.073 3.469
image899.jpg 0.297 2.888 1.891
image1293.jpg 2.101 1.669 1.639
image900.jpg 0.281 3.193 1.703
image1294.jpg 2.344 1.626 1.547
image901.jpg 0.296 3.52 1.417
image1295.jpg 2.376 1.36 1.747
image1296.jpg 2.402 0.722 1.614
image902.jpg 0.274 3.794 1.659
image1297.jpg 2.391 0.411 1.604
image903.jpg 0.255 4.089 1.56
image1298.jpg 2.376 0.387 1.661
image1299.jpg 2.401 0.126 1.911
image904.jpg 0.556 4.013 1.533
image905.jpg 0.612 4.022 1.508
image906.jpg 0.673 3.498 1.58
image1300.jpg 2.446 -0.206 1.461
image907.jpg 0.632 3.398 1.547
image1301.jpg 2.4 -0.521 1.591
image1302.jpg 2.461 -1.113 1.581
image908.jpg 0.624 3.106 1.621
image909.jpg 0.636 2.841 1.576
image1303.jpg 2.406 -1.421 1.653
image910.jpg 0.615 2.471 1.634
image1304.jpg 2.422 -1.716 1.594
image911.jpg 0.691 2.163 1.613
image912.jpg 0.611 1.902 1.643
image1305.jpg 2.453 -2.004 1.51
image1306.jpg 2.368 -2.005 1.632
image913.jpg 0.728 1.492 1.555
image914.jpg 0.501 1.174 1.465
image1307.jpg 2.379 -2.301 1.608
image915.jpg 0.573 1.02 1.601
image916.jpg 0.596 0.729 1.645
image1308.jpg 2.517 -2.996 1.709
image917.jpg 0.593 0.407 1.662
image1309.jpg 2.384 -2.898 1.608
image918.jpg 0.643 0.073 1.645
image1310.jpg 2.333 -3.149 1.586
image919.jpg 0.618 -0.269 1.637
image1311.jpg 2.308 -3.648 1.762
image920.jpg 0.585 -0.578 1.708
image1312.jpg 2.486 -4.168 1.672
image921.jpg 0.597 -0.816 1.726
image922.jpg 0.598 -1.148 1.705
image923.jpg 0.597 -1.425 1.679
image924.jpg 0.596 -1.678 1.743
image925.jpg 0.587 -1.962 1.626
image926.jpg 0.631 -2.594 1.7
image927.jpg 0.587 -2.994 1.695
image928.jpg 0.575 -3.185 1.808
image929.jpg 0.623 -3.545 1.678
image930.jpg 0.545 -3.854 1.673
image931.jpg 0.607 -4.103 1.726
image932.jpg 1.039 -3.947 1.839
image1313.jpg 2.055 -4.05 1.537
image1314.jpg 2.119 -3.522 1.53
image1315.jpg 2.053 -3.196 1.647
image1316.jpg 2.089 -3.015 1.596
image1317.jpg 2.046 -2.765 1.617
image933.jpg 0.877 -3.698 1.663
image1318.jpg 2.011 -2.399 1.587
image934.jpg 0.831 -3.305 1.663
image1319.jpg 2.133 -2.212 1.632
image935.jpg 0.8 -2.959 1.564
image1320.jpg 2.053 -1.933 1.582
image936.jpg 0.834 -2.833 1.519
image1321.jpg 2.021 -1.506 1.539
image937.jpg 0.86 -2.434 1.672
image1322.jpg 2.063 -1.137 1.621
image938.jpg 0.849 -2.254 1.645
image1323.jpg 1.97 -0.877 1.608
image1324.jpg 2.014 -0.576 1.584
image939.jpg 0.862 -1.749 1.68
image940.jpg 0.888 -1.571 1.657
image1325.jpg 1.975 -0.254 1.631
image941.jpg 0.879 -1.299 1.656
image942.jpg 0.869 -0.913 1.667
image1326.jpg 2.011 -0.035 1.626
image943.jpg 0.869 -0.607 1.675
image1327.jpg 2.077 -0.104 1.639
image944.jpg 0.856 -0.413 1.653
image1328.jpg 2.067 0.538 1.71
image945.jpg 0.826 0.01 1.649
image946.jpg 0.892 -0.11 1.644
image1329.jpg 2.099 0.831 1.595
image947.jpg 0.861 0.438 1.638
image948.jpg 0.923 0.786 1.666
image1330.jpg 2.117 1.061 1.69
image949.jpg 0.905 1.112 1.584
image1331.jpg 2.042 1.542 1.642
image950.jpg 0.927 1.438 1.656
image951.jpg 0.902 1.685 1.693
image952.jpg 0.878 2.015 1.64
image1332.jpg 2.037 1.763 1.634
image953.jpg 0.817 2.221 1.463
image1333.jpg 2.069 2.131 1.651
image1334.jpg 2.074 2.451 1.628
image954.jpg 0.992 2.697 1.6
image955.jpg 0.905 2.872 1.602
image1335.jpg 2.074 2.715 1.686
image1336.jpg 2.188 2.939 1.705
image956.jpg 0.9 3.189 1.579
image957.jpg 0.876 3.489 1.558
image1337.jpg 2.096 3.421 1.535
image958.jpg 0.892 3.782 1.647
image1338.jpg 2.053 3.622 1.492
image959.jpg 0.937 3.986 1.543
image1339.jpg 2.123 3.8 1.452
image1340.jpg 2.05 4.132 1.475
image1341.jpg 2.112 4.085 2.132
image1342.jpg 1.804 3.736 1.611
image1343.jpg 1.776 3.714 1.618
image1344.jpg 1.796 3.419 1.592
image1345.jpg 1.856 2.966 1.707
image1346.jpg 1.82 2.782 1.586
image1347.jpg 1.812 2.481 1.662
image1348.jpg 1.929 2.263 1.635
image1349.jpg 1.746 1.491 1.701
image1350.jpg 1.807 1.338 1.721
image1351.jpg 1.821 0.979 1.686
image1352.jpg 1.804 0.99 1.651
image1353.jpg 1.805 0.689 1.72
image1354.jpg 1.85 0.005 1.614
image1355.jpg 1.814 -0.208 1.641
image1356.jpg 1.769 -0.492 1.681
image1357.jpg 1.791 -0.492 1.631
image1358.jpg 1.851 -0.854 1.609
image1359.jpg 1.884 -1.152 1.684
image1360.jpg 1.788 -1.366 1.676
image1361.jpg 1.821 -1.647 1.644
image1362.jpg 1.798 -2.087 1.661
image1363.jpg 1.886 -2.694 2.039
image1364.jpg 1.922 -3.003 1.646
image1365.jpg 1.761 -3.143 1.638
image1366.jpg 1.813 -3.202 1.65
image1367.jpg 1.772 -3.509 1.697
image1368.jpg 1.844 -3.824 1.815
image1369.jpg 1.75 -4.045 1.442
image1370.jpg 1.442 -3.474 1.654
image1371.jpg 1.489 -3.362 1.702
image1372.jpg 1.442 -2.907 1.641
image1373.jpg 1.427 -2.651 1.689
image1374.jpg 1.467 -2.421 1.7
image1375.jpg 1.446 -2.157 1.631
image1376.jpg 1.44 -1.815 1.573
image1377.jpg 1.494 -1.573 1.604
image1378.jpg 1.471 -1.401 1.579
image1379.jpg 1.484 -1.136 1.519
image1380.jpg 1.464 -0.597 1.747
image1381.jpg 1.413 -0.243 1.763
image1382.jpg 1.482 -0.135 1.733
image1383.jpg 1.469 0.033 1.726
image1384.jpg 1.5 0.374 1.757
image1385.jpg 1.41 1.015 1.645
image1386.jpg 1.508 1.079 1.684
image1387.jpg 1.496 1.468 1.602
image1388.jpg 1.369 1.731 1.678
image1389.jpg 1.502 2.019 1.659
image1390.jpg 1.465 2.332 1.631
image1391.jpg 1.48 2.531 1.647
image1392.jpg 1.449 3.023 1.696
image1393.jpg 1.563 3.005 1.608
image1394.jpg 1.461 3.518 1.606
image1395.jpg 1.443 3.907 1.607
image1396.jpg 1.532 4.193 1.614
image1397.jpg 1.295 -4.035 1.985
image1398.jpg 1.184 -3.532 1.5
image1399.jpg 1.229 -3.441 1.709
image1400.jpg 1.179 -3.346 1.674
image1401.jpg 1.159 -2.785 1.732
image1402.jpg 1.128 -2.321 1.673
image1403.jpg 1.203 -2.212 1.643
image1404.jpg 1.136 -1.803 1.677
image1405.jpg 1.159 -1.529 1.68
image1406.jpg 1.168 -1.243 1.671
image1407.jpg 1.139 -0.899 1.695
image1408.jpg 1.093 -0.575 1.658
image1409.jpg 1.184 -0.474 1.682
image1410.jpg 1.177 -0.016 1.695
image1411.jpg 1.177 -0.116 1.682
image1412.jpg 1.21 0.587 1.709
image1413.jpg 1.174 0.951 1.646
image1414.jpg 1.255 1.236 1.597
image1415.jpg 1.194 1.578 1.759
image1416.jpg 1.171 1.692 1.703
image1417.jpg 1.187 2.161 1.625
image1418.jpg 1.186 2.309 1.695
image1419.jpg 1.185 2.766 1.67
image1420.jpg 1.122 3.064 1.596
image1421.jpg 1.214 3.254 1.698
image1422.jpg 1.168 3.501 1.663
image1423.jpg 1.216 3.832 1.701
image1424.jpg 1.232 4.163 1.792
image1425.jpg 0.93 3.859 1.694
image1426.jpg 1.031 3.951 1.659
image1427.jpg 0.983 3.673 1.558
image1428.jpg 1.004 3.14 1.711
image1429.jpg 0.986 3.113 1.629
image1430.jpg 1.031 2.697 1.613
image1431.jpg 1.019 2.444 1.683
image1432.jpg 0.966 2.124 1.503
image1433.jpg 1.051 1.882 1.695
image1434.jpg 0.988 1.639 1.663
image1435.jpg 0.977 1.031 1.643
image1436.jpg 0.985 1.012 1.617
image1437.jpg 1.017 0.709 1.685
image1438.jpg 0.983 0.31 1.726
image1439.jpg 1.029 -0.002 1.683
image1440.jpg 1.01 -0.247 1.646
image1441.jpg 0.992 -0.525 1.667
image1442.jpg 0.989 -0.841 1.688
image1443.jpg 1.001 -1.177 1.738
image1444.jpg 1.06 -1.459 1.673
image1445.jpg 1.044 -1.728 1.695
image1446.jpg 1.039 -2.041 1.623
image1447.jpg 1.025 -2.699 1.636
image1448.jpg 0.989 -2.613 1.705
image1449.jpg 0.998 -2.905 1.768
image1450.jpg 1.024 -3.181 1.596
image1451.jpg 0.981 -3.479 1.601
image1452.jpg 0.971 -3.767 1.615
image1500.jpg -0.186 -4.314 1.739
image1500.jpg -2.096 -4.016 1.618
image1501.jpg -2.021 -4.047 1.698
image1502.jpg -2.075 -3.386 1.559
image1503.jpg -2.037 -3.238 1.601
image1504.jpg -2.049 -2.787 1.644
image1505.jpg -2.146 -2.688 1.621
image1506.jpg -2.167 -2.464 1.632
image1507.jpg -2.31 -2.186 1.682
image1508.jpg -2.385 -2.072 1.639
image1509.jpg -2.396 -1.555 1.674
image1510.jpg -2.097 -1.218 1.622
image1511.jpg -2.056 -0.856 1.638
image1500.jpg -2.032 -4.228 1.718
image1501.jpg -2.232 -3.265 1.358
image1502.jpg -2.016 -3.485 1.657
image1503.jpg -2.199 -2.544 1.596
image1504.jpg -2.054 -2.986 1.642
image1505.jpg -2.077 -2.711 1.633
image1506.jpg -2.191 -2.298 1.644
image1507.jpg -2.262 -1.788 1.758
image1508.jpg -2.032 -1.775 1.714
image1509.jpg -2.034 -1.406 1.658
image1510.jpg -1.982 -1.111 1.654
image1511.jpg -1.919 0.353 1.746
image1500.jpg -2.1 -3.859 1.482
image1501.jpg -2.022 -3.929 1.67
image1502.jpg -2.149 -2.787 1.486
image1503.jpg -2.126 -3.399 1.714
image1504.jpg -2.098 -2.086 1.49
image1505.jpg -2.31 -2.499 1.638
image1506.jpg -2.172 -2.39 1.667
image1507.jpg -2.257 -2.162 1.653
image1508.jpg -2.017 -1.793 1.69
image1509.jpg -2.073 -1.394 1.678
image1510.jpg -2.052 -1.103 1.645
image1511.jpg -1.992 -1.467 1.644
image1512.jpg -1.577 -4.053 1.694
image1513.jpg -1.931 -2.399 1.352
image1514.jpg -1.872 -3.106 1.608
image1515.jpg -1.758 -2.914 1.626
image1516.jpg -1.77 -2.781 1.693
image1517.jpg -1.885 -2.502 1.669
image1518.jpg -1.847 -1.945 1.652
image1519.jpg -1.813 -1.643 1.649
image1520.jpg -1.753 -1.517 1.662
image1521.jpg -1.709 -1.177 1.688
image1522.jpg -1.356 -4.122 1.759
image1523.jpg -1.426 -3.865 1.632
image1524.jpg -1.4 -3.737 1.745
image1525.jpg -1.546 -3.098 1.665
image1526.jpg -1.454 -2.856 1.519
image1527.jpg -1.475 -2.541 1.692
image1528.jpg -1.514 -2.334 1.722
image1529.jpg -1.506 -2.002 1.68
image1530.jpg -1.431 -1.722 1.737
image1531.jpg -1.458 -1.428 1.753
image1532.jpg -1.441 -1.087 1.678
image1533.jpg -1.391 -1.261 1.69
image1534.jpg -1.07 -3.823 1.608
image1535.jpg -1.108 -3.628 1.637
image1536.jpg -1.065 -3.315 1.636
image1537.jpg -1.102 -2.985 1.626
image1538.jpg -1.06 -2.714 1.652
image1539.jpg -1.11 -2.429 1.705
image1540.jpg -1.113 -2.1 1.729
image1541.jpg -1.097 -1.727 1.736
image1542.jpg -1.151 -1.509 1.704
image1543.jpg -1.16 -1.18 1.669
image1544.jpg -0.971 -3.952 1.578
image1546.jpg -0.888 -3.915 1.728
image1547.jpg -0.985 -3.698 1.793
image1548.jpg -1.015 -3.392 1.604
image1549.jpg -0.994 -3.114 1.599
image1550.jpg -0.991 -2.808 1.631
image1551.jpg -0.993 -2.612 1.737
image1552.jpg -0.992 -2.21 1.705
image1553.jpg -0.957 -1.888 1.768
image1554.jpg -0.68 -3.948 1.88
image1555.jpg -0.846 -3.708 1.779
image1556.jpg -0.748 -3.454 1.865
image1557.jpg -0.77 -2.985 1.578
image1558.jpg -0.811 -2.658 1.681
image1559.jpg -0.726 -2.485 1.744
image1560.jpg -0.695 -2.181 1.679
image1561.jpg -0.718 -1.852 1.702
image1562.jpg -0.535 -2.33 1.738
image1563.jpg -0.479 -3.521 1.72
image1564.jpg -0.362 -3.425 1.659
image1565.jpg -0.384 -3.01 1.628
image1566.jpg -0.421 -2.804 1.693
image1567.jpg -0.45 -2.422 1.7
image1568.jpg -0.42 -2.117 1.685
image1569.jpg -0.478 -1.843 1.957
image1570.jpg -0.207 -2.784 2.465
image1571.jpg -0.16 -4.056 1.517
image1572.jpg -0.104 -3.298 1.633
image1573.jpg -0.147 -3.005 1.651
image1574.jpg -0.075 -2.798 1.646
image1575.jpg -0.135 -2.547 1.664
image1576.jpg -0.14 -2.118 1.712
image1577.jpg -0.166 -1.829 1.985
image1578.jpg -0.044 -2.041 1.718
image1579.jpg 0.161 -3.561 1.684
image1580.jpg 0.209 -3.277 1.665
image1581.jpg 0.208 -3.108 1.733
image1582.jpg 0.177 -2.708 1.65
image1583.jpg 0.149 -2.489 1.681
image1584.jpg 0.152 -2.044 1.744
image1585.jpg 0.174 -1.839 1.649
image1586.jpg 0.483 -4.014 1.66
image1587.jpg 0.495 -3.74 1.683
image1588.jpg 0.553 -3.284 1.731
image1589.jpg 0.5 -3.171 1.788
image1590.jpg 0.501 -2.81 1.668
image1591.jpg 0.492 -2.5 1.744
image1592.jpg 0.466 -2.193 1.65
image1593.jpg 0.468 -1.915 1.675
image1594.jpg 0.765 -4.072 1.702
image1595.jpg 0.779 -1.801 1.626
image1596.jpg 0.838 -2.09 1.648
image1595.jpg 0.808 -1.636 1.846
image1596.jpg 0.785 -2.118 1.666
image1597.jpg 0.761 -2.079 1.66
image1598.jpg 0.818 -2.44 1.592
image1599.jpg 0.787 -2.694 1.675
image1600.jpg 0.758 -2.975 1.401
image1601.jpg 0.731 -3.634 1.67
image1602.jpg 0.764 -3.627 1.651
image1603.jpg 0.814 -3.575 1.711
image1604.jpg 1.116 -2.306 1.621
image1605.jpg 1.047 -2.366 1.706
image1606.jpg 1.111 -2.358 1.693
image1607.jpg 1.067 -2.685 1.675
image1608.jpg 1.096 -3.047 1.689
image1609.jpg 1.079 -3.566 1.69
image1610.jpg 1.058 -3.616 1.714
image1611.jpg 1.554 -1.348 1.616
image1612.jpg 1.331 -1.718 1.502
image1613.jpg 1.43 -2.146 1.705
image1614.jpg 1.46 -2.479 1.682
image1615.jpg 1.296 -2.726 1.68
image1616.jpg 1.357 -2.991 1.688
image1617.jpg 1.353 -3.294 1.718
image1618.jpg 1.324 -3.524 1.569
image1619.jpg 2.034 -1.53 1.888
image1620.jpg 1.698 -1.84 1.694
image1621.jpg 1.695 -2.423 1.579
image1622.jpg 0.605 0.435 3.469
image1623.jpg 1.53 -2.652 1.58
image1624.jpg 1.693 -2.85 1.626
image1625.jpg 1.699 -3.294 1.752
image1626.jpg 1.684 -3.64 1.735
image1627.jpg 1.241 -1.222 0.887
image1628.jpg 1.991 -1.839 1.645
image1629.jpg 2.002 -2.063 1.734
image1630.jpg 1.966 -2.371 1.557
image1631.jpg 2.007 -2.917 1.716
image1632.jpg 1.985 -3.064 1.533
image1633.jpg 1.971 -3.234 1.499
image1634.jpg 1.958 -3.618 1.715
image1635.jpg 2.398 -1.958 1.694
image1636.jpg 2.327 -1.801 1.586
image1637.jpg 2.274 -2.142 1.637
image1638.jpg 2.249 -2.461 1.612
image1639.jpg 2.306 -2.96 1.509
image1640.jpg 2.217 -2.953 1.585
image1641.jpg -0.295 0.678 2.213
image1642.jpg 2.011 -3.964 1.388
image1643.jpg 2.689 -1.566 1.661
image1644.jpg 2.579 -1.815 1.638
image1645.jpg 2.605 -2.092 1.618
image1646.jpg 2.704 -2.829 1.733
image1647.jpg 2.633 -3.135 1.703
image1648.jpg 2.631 -3.024 1.809
image1649.jpg 2.669 -3.207 1.647
image1650.jpg 2.91 -1.709 1.623
image1651.jpg 3.001 -2.166 1.566
image1652.jpg 2.98 -2.096 1.619
image1653.jpg 3.009 -2.415 1.463
image1654.jpg 3.091 -2.542 1.619
image1655.jpg 3.122 -3.589 1.729
image1656.jpg 3.098 -3.547 1.6
image1657.jpg 2.975 -3.666 1.842
image1658.jpg 2.675 -1.625 1.534
image1659.jpg 3.162 -1.733 1.588
image1660.jpg 3.31 -2.073 1.587
image1661.jpg 3.345 -2.308 1.6
image1662.jpg 3.303 -2.696 1.552
image1663.jpg 3.433 -3.099 1.583
image1664.jpg 1.302 -2.708 1.559
image1665.jpg 3.358 -3.568 1.615
image1666.jpg 3.289 -3.562 1.59
image1667.jpg 3.198 -1.996 1.576
image1668.jpg 3.502 -2.037 1.583
image1669.jpg 3.591 -2.414 1.623
image1670.jpg 3.582 -2.724 1.588
image1671.jpg 3.649 -3.054 1.719
image1672.jpg 3.544 -3.329 1.648
image1673.jpg 3.665 -3.579 1.575
image1674.jpg 3.644 -3.12 1.593
image1675.jpg 3.891 -1.793 1.585
image1676.jpg 3.847 -2.119 1.516
image1677.jpg 3.847 -2.744 1.533
image1678.jpg 3.968 -2.69 1.583
image1679.jpg 3.868 -3.016 1.619
image1680.jpg 3.886 -3.295 1.543
image1681.jpg 3.839 -3.97 1.607
